// alpha solidus.csv: 930 pts -> RDP 18 pts
// Range: 0.0000 to 9.2900 wt.% Mg
    [0.0000, 952.5867],
    [0.1200, 953.3890],
    [0.2000, 953.2985],
    [0.4700, 949.4783],
    [1.6900, 906.2404],
    [3.6700, 853.6683],
    [5.2000, 820.7187],
    [5.4400, 810.5332],
    [6.1100, 800.5446],
    [6.8900, 792.2398],
    [6.9400, 792.0560],
    [7.0300, 792.3569],
    [7.0700, 792.0758],
    [7.3200, 782.4973],
    [8.7700, 762.1365],
    [8.9800, 757.2281],
    [9.0800, 756.6746],
    [9.2900, 757.6320],
