// Real data from Liquidus Dataset.csv
// RDP simplified: 9986 -> 276 points
// Composition range: 0.00 to 99.85 wt.% Mg
    [0.0000, 960.2151],
    [0.9800, 941.6207],
    [1.2400, 940.1504],
    [1.9000, 929.0327],
    [3.1100, 903.8307],
    [4.0200, 891.1010],
    [4.3000, 882.0114],
    [7.5400, 821.7063],
    [7.8000, 807.5484],
    [7.8400, 807.2456],
    [7.9300, 807.9056],
    [7.9800, 807.6997],
    [9.4000, 788.5241],
    [9.7800, 777.3037],
    [10.0200, 779.0780],
    [10.0900, 778.6573],
    [10.5000, 761.9691],
    [10.8100, 765.2510],
    [11.0000, 764.3711],
    [11.0900, 764.8897],
    [11.3200, 771.1965],
    [11.5600, 772.8555],
    [12.8100, 793.7682],
    [13.2000, 795.9548],
    [13.8700, 803.5629],
    [14.2200, 805.3104],
    [14.4800, 808.3168],
    [14.7200, 807.0835],
    [14.9300, 808.9911],
    [15.1500, 809.6025],
    [15.4200, 813.9566],
    [15.7400, 812.7711],
    [16.3500, 816.0017],
    [16.6500, 816.3996],
    [16.9200, 818.7746],
    [17.2000, 818.5717],
    [17.7900, 820.4841],
    [18.0400, 820.1906],
    [18.2800, 822.1896],
    [18.5800, 822.0709],
    [18.8000, 821.1203],
    [19.4000, 821.2783],
    [19.6500, 820.2687],
    [19.8600, 820.4143],
    [20.0700, 820.2595],
    [20.2800, 821.2054],
    [20.4400, 820.3722],
    [20.6100, 820.3769],
    [20.8100, 818.5244],
    [21.1000, 818.7145],
    [21.4300, 817.0461],
    [21.7000, 816.7775],
    [22.2900, 811.9559],
    [22.3400, 811.7990],
    [22.4600, 811.9123],
    [22.5100, 811.6853],
    [22.7800, 808.6401],
    [23.0100, 808.3228],
    [23.3100, 805.1533],
    [23.6400, 803.5526],
    [24.0000, 799.1110],
    [24.1300, 798.3575],
    [24.2700, 798.5378],
    [24.3200, 798.3995],
    [24.5300, 795.4825],
    [25.3000, 790.4598],
    [25.5500, 784.9857],
    [27.7000, 758.6314],
    [29.7300, 726.3977],
    [30.7700, 702.4025],
    [31.4300, 692.9811],
    [32.0000, 677.9810],
    [35.9700, 601.1145],
    [36.9100, 588.9475],
    [36.9800, 588.5184],
    [37.0900, 589.0626],
    [37.1400, 588.8108],
    [37.3600, 578.9821],
    [37.6800, 573.6789],
    [39.6200, 544.1539],
    [39.8700, 546.6670],
    [40.0900, 536.8185],
    [40.3200, 535.6886],
    [42.0400, 511.6138],
    [42.2500, 504.5267],
    [42.5500, 503.0511],
    [42.8600, 494.7077],
    [43.2200, 492.4213],
    [43.8300, 491.7280],
    [44.0600, 491.9650],
    [44.2800, 489.7260],
    [44.4700, 489.7414],
    [44.7700, 488.1139],
    [45.4200, 488.1778],
    [45.9800, 486.3434],
    [46.2100, 486.4956],
    [46.3000, 486.3952],
    [46.6400, 484.6991],
    [46.9300, 484.6790],
    [47.1100, 484.8484],
    [47.3400, 482.8827],
    [47.7900, 483.1406],
    [48.0000, 481.2503],
    [48.1900, 481.2483],
    [48.5200, 479.5659],
    [48.8000, 479.7720],
    [49.0100, 477.8762],
    [49.1900, 477.8916],
    [49.6400, 475.4907],
    [49.8800, 475.2829],
    [50.5200, 471.9973],
    [51.4900, 471.9731],
    [51.6900, 472.8248],
    [51.8500, 472.7575],
    [52.8700, 479.5527],
    [53.0800, 479.7541],
    [53.3700, 482.9158],
    [53.4300, 483.0944],
    [53.5800, 483.0676],
    [53.8400, 484.2957],
    [54.0500, 486.3647],
    [54.2100, 486.1021],
    [54.4400, 491.6113],
    [54.6100, 491.2436],
    [54.8900, 493.4061],
    [55.0800, 493.6116],
    [55.3100, 494.8200],
    [55.5400, 494.8099],
    [55.6300, 495.0483],
    [56.1000, 498.3004],
    [56.2600, 498.2700],
    [56.4400, 499.1445],
    [56.6000, 499.1220],
    [56.6900, 499.4054],
    [57.2600, 504.9813],
    [57.3000, 505.0964],
    [57.4400, 505.0257],
    [57.9600, 508.4800],
    [58.1300, 508.4819],
    [58.8000, 513.5424],
    [58.9800, 513.5627],
    [59.2600, 514.7653],
    [59.5300, 519.1586],
    [59.8100, 520.3086],
    [59.9900, 520.3220],
    [60.0700, 520.5789],
    [60.6400, 525.3121],
    [60.6800, 525.4546],
    [60.8200, 525.3730],
    [61.3400, 528.8231],
    [61.5000, 528.7835],
    [61.6800, 530.5288],
    [61.8100, 530.4295],
    [61.8500, 530.5352],
    [62.8500, 537.2501],
    [62.9000, 537.3826],
    [63.0500, 537.3142],
    [63.3200, 538.8690],
    [63.5400, 539.0114],
    [63.8300, 542.1652],
    [63.8800, 542.3778],
    [64.0300, 542.3236],
    [64.2100, 544.0766],
    [64.4200, 544.1634],
    [66.3400, 554.0334],
    [66.4000, 554.2160],
    [66.5600, 554.1655],
    [66.7500, 555.9675],
    [66.9000, 555.9064],
    [66.9600, 556.0755],
    [67.4100, 559.2821],
    [67.5700, 559.2454],
    [67.7500, 560.9838],
    [67.7900, 561.0812],
    [67.8900, 560.9235],
    [67.9300, 561.0430],
    [68.1000, 562.7453],
    [68.3000, 562.7698],
    [68.5700, 564.3485],
    [68.7500, 564.3052],
    [69.2900, 567.8665],
    [69.4600, 567.7817],
    [69.5400, 568.0510],
    [69.7800, 570.3205],
    [70.0000, 570.4674],
    [70.7600, 574.4891],
    [70.9500, 574.4922],
    [71.4800, 578.0047],
    [71.6700, 578.0131],
    [72.1200, 580.4177],
    [72.3800, 580.6464],
    [72.6700, 583.1243],
    [72.7400, 583.2279],
    [72.9600, 582.8728],
    [73.5100, 586.4927],
    [73.7100, 586.5186],
    [73.9700, 588.0363],
    [74.2200, 588.2712],
    [74.8100, 591.4166],
    [75.0200, 591.5219],
    [75.8100, 597.3079],
    [75.9200, 597.4868],
    [76.3300, 597.3546],
    [76.5300, 598.2755],
    [76.6900, 598.2178],
    [76.9200, 600.1724],
    [77.1600, 599.8644],
    [77.4100, 600.8946],
    [77.8400, 600.8072],
    [77.9400, 600.9335],
    [78.2700, 605.3526],
    [78.4500, 604.9522],
    [78.5400, 605.0043],
    [79.4000, 608.4339],
    [79.4900, 608.5432],
    [79.6800, 608.3773],
    [79.7600, 608.4959],
    [80.4200, 611.8394],
    [80.5100, 611.9647],
    [80.7400, 611.7388],
    [80.9600, 613.6955],
    [81.2400, 613.3986],
    [81.4700, 615.3886],
    [81.6800, 615.1411],
    [81.7800, 615.2542],
    [82.6400, 618.6794],
    [82.9300, 618.4946],
    [83.1600, 620.4689],
    [83.3400, 620.2940],
    [83.6400, 620.3412],
    [84.4600, 623.6636],
    [84.5400, 623.7979],
    [84.7400, 623.6389],
    [84.8200, 623.7260],
    [85.1700, 625.4468],
    [85.4900, 625.4068],
    [85.8300, 627.1072],
    [86.1300, 627.1445],
    [86.3000, 626.9546],
    [86.5400, 628.9450],
    [86.9700, 628.6437],
    [87.2200, 630.6501],
    [87.6700, 630.4026],
    [87.9000, 632.3720],
    [88.1600, 632.0922],
    [88.7400, 633.9673],
    [89.1800, 633.7627],
    [89.4400, 635.8647],
    [89.7200, 634.7465],
    [89.9800, 637.0914],
    [90.1000, 637.3082],
    [90.3500, 637.3206],
    [90.5300, 637.1398],
    [90.7700, 639.1355],
    [90.9500, 638.9264],
    [91.3900, 638.9430],
    [91.7500, 640.6823],
    [92.2300, 640.5634],
    [92.4600, 642.5230],
    [92.8900, 642.2891],
    [93.4600, 644.1240],
    [93.9100, 643.9242],
    [94.1500, 645.9175],
    [94.3300, 645.7105],
    [94.9300, 645.7131],
    [95.3100, 647.4853],
    [96.1400, 647.4576],
    [96.5000, 649.1908],
    [97.6200, 649.0613],
    [98.1500, 650.8354],
    [98.3500, 649.9986],
    [98.5300, 650.9262],
    [98.9800, 650.7861],
    [99.2700, 651.9295],
    [99.6200, 649.5848],
    [99.8500, 652.4915],
